00000000000000011000000000000000
00000000000000011000000000000000
00000000000000111100000000000000
00000000000001100110000000000000
00000000000001100110000000000000
00000000000011000011000000000000
00000000000110000001100000000000
00000000000100000000100000000000
11111111111111111111111111111111
01100000011000000000010000000110
00100000010000000000011000000100
00110000100000000000001100001100
00011001100000000000000110011000
00001101000000000000000110110000
00001111000000011000000011110000
00000110000000011000000001100000
00001110000000000000000001100000
00001111000000000000000011110000
00011001100000000000000110011000
00010000100000000000000100001000
00110000110000000000001100001100
01100000011000000000011000000110
11111111111111111111111111111111
00000000001100000000110000000000
00000000000110000001100000000000
00000000000010000001100000000000
00000000000011000011000000000000
00000000000001100110000000000000
00000000000000100110000000000000
00000000000000111100000000000000
00000000000000011000000000000000
00000000000000011000000000000000

generated by dancingby